7.614893000000000000e+06
1.267182100000000000e+07
3.951222300000000000e+07
7.278717000000000000e+06
6.949503000000000000e+06
5.822434000000000000e+06
2.899588100000000000e+07
1.934408000000000000e+06
3.205958000000000000e+06
4.217737000000000000e+06
2.147773700000000000e+07
1.945356100000000000e+07
1.059361000000000000e+06
1.061742300000000000e+07
1.359711000000000000e+06
1.048808400000000000e+07
8.882190000000000000e+06
5.758736000000000000e+06
6.045680000000000000e+06
3.080156000000000000e+06
6.833174000000000000e+06
1.415872000000000000e+06
6.732219000000000000e+06
4.467673000000000000e+06
5.639632000000000000e+06
3.956971000000000000e+06
1.280198900000000000e+07
5.148714000000000000e+06
7.057490000000000000e+05
2.913314000000000000e+06
6.137428000000000000e+06
6.239890000000000000e+05
8.536147000000000000e+06
3.565287000000000000e+06
3.155070000000000000e+06
4.648794000000000000e+06
1.168910000000000000e+07
9.986857000000000000e+06
8.846590000000000000e+05
3.017825000000000000e+06
9.737640000000000000e+05
2.976149000000000000e+06
2.096829000000000000e+06
7.620620000000000000e+05
5.787590000000000000e+05
7.315450000000000000e+05
1.344212000000000000e+06
4.903185000000000000e+06
1.792065000000000000e+06
1.068778000000000000e+06
3.193694000000000000e+06
1.049140000000000000e+05
1.657180000000000000e+05
1.787147000000000000e+06
5.656200000000000000e+04
5.551900000000000000e+04
